[gd_resource type="Skin" format=3 uid="uid://bsbhvq5g1wxen"]

[resource]
resource_name = "Skin"
bind_count = 75
bind/0/name = &"LeftToes"
bind/0/bone = -1
bind/0/pose = Transform3D(0.989603, 0.0686964, -0.126357, 0.12404, 0.0370346, 0.991585, 0.072798, -0.99695, 0.0281285, -0.0935899, -0.13002, 0.00143667)
bind/1/name = &"LeftFoot"
bind/1/bone = -1
bind/1/pose = Transform3D(-0.989603, -0.0686963, 0.126358, 0.12404, 0.0370351, 0.991585, -0.072798, 0.99695, -0.0281289, 0.109583, 0.0124026, -0.0790165)
bind/2/name = &"LeftLowerLeg"
bind/2/bone = -1
bind/2/pose = Transform3D(0.942788, 0.0209418, -0.332733, 0.0121717, -0.999521, -0.0284206, -0.333169, 0.0227447, -0.942592, -0.106602, 0.507124, 0.0050096)
bind/3/name = &"LeftUpperLeg"
bind/3/bone = -1
bind/3/pose = Transform3D(-0.942465, -0.0415254, 0.331715, 0.0501588, -0.998587, 0.0175036, 0.33052, 0.033135, 0.943217, 0.117032, 0.91346, -0.0331878)
bind/4/name = &"RightToes"
bind/4/bone = -1
bind/4/pose = Transform3D(0.652524, -0.0139941, -0.757638, 0.747599, -0.151356, 0.646673, -0.123723, -0.98838, -0.0883013, 0.159757, 0.00743831, 0.00942483)
bind/5/name = &"RightFoot"
bind/5/bone = -1
bind/5/pose = Transform3D(-0.652951, -0.000602413, 0.757399, 0.749055, -0.148544, 0.645639, 0.112118, 0.988905, 0.097443, -0.0445107, 0.106836, -0.0707864)
bind/6/name = &"RightLowerLeg"
bind/6/bone = -1
bind/6/pose = Transform3D(0.797085, 0.00746261, -0.603821, -0.0121717, -0.999521, -0.0284206, -0.603744, 0.0300032, -0.796613, 0.062858, 0.507124, -0.086244)
bind/7/name = &"RightUpperLeg"
bind/7/bone = -1
bind/7/pose = Transform3D(-0.796532, 0.05057, 0.602477, -0.0501587, -0.998587, 0.0175036, 0.602511, -0.0162773, 0.797944, -0.0923655, 0.91346, 0.079161)
bind/8/name = &"LeftLittleDistal"
bind/8/bone = -1
bind/8/pose = Transform3D(-0.255263, 0.104468, -0.961211, 0.830795, 0.53224, -0.162784, 0.494589, -0.840123, -0.222653, -0.0154756, -1.37865, 0.795804)
bind/9/name = &"LeftLittleIntermediate"
bind/9/bone = -1
bind/9/pose = Transform3D(-0.187258, 0.124643, -0.97437, 0.982145, 0.00559677, -0.188037, -0.0179841, -0.992186, -0.123466, -0.0954739, -0.730953, 1.39877)
bind/10/name = &"LeftLittleProximal"
bind/10/bone = -1
bind/10/pose = Transform3D(-0.210383, 0.181963, -0.960535, 0.976586, -0.00603138, -0.215041, -0.0449229, -0.983286, -0.176434, -0.158374, -0.681318, 1.40276)
bind/11/name = &"LeftRingDistal"
bind/11/bone = -1
bind/11/pose = Transform3D(-0.105648, 0.0578562, -0.992719, 0.898701, 0.432871, -0.0704148, 0.425646, -0.899597, -0.0977277, -0.0355613, -1.30537, 0.93167)
bind/12/name = &"LeftRingIntermediate"
bind/12/bone = -1
bind/12/pose = Transform3D(-0.0681662, 0.0643037, -0.995599, 0.991355, -0.10777, -0.0748362, -0.112108, -0.992094, -0.0564016, -0.0736926, -0.586564, 1.47873)
bind/13/name = &"LeftRingProximal"
bind/13/bone = -1
bind/13/pose = Transform3D(-0.0830426, 0.101938, -0.991318, 0.996528, 0.00259241, -0.0832124, -0.00591257, -0.994787, -0.101799, -0.115516, -0.702947, 1.40216)
bind/14/name = &"LeftMiddleDistal"
bind/14/bone = -1
bind/14/pose = Transform3D(-0.00135121, 0.0498489, -0.998755, 0.894571, 0.446428, 0.0210714, 0.446923, -0.89343, -0.0451966, -0.0739376, -1.32874, 0.908489)
bind/15/name = &"LeftMiddleIntermediate"
bind/15/bone = -1
bind/15/pose = Transform3D(0.0304293, 0.055796, -0.997978, 0.99537, -0.0927572, 0.0251639, -0.0911656, -0.994124, -0.0583603, -0.10718, -0.61417, 1.47133)
bind/16/name = &"LeftMiddleProximal"
bind/16/bone = -1
bind/16/pose = Transform3D(0.0673248, 0.0381037, -0.997003, 0.997439, 0.0215914, 0.0681795, 0.0241246, -0.99904, -0.0365525, -0.109823, -0.73262, 1.39207)
bind/17/name = &"LeftIndexDistal"
bind/17/bone = -1
bind/17/pose = Transform3D(0.203121, -0.00572796, -0.979137, 0.957584, 0.209896, 0.197422, 0.204386, -0.977706, 0.0481193, -0.121488, -1.03753, 1.21391)
bind/18/name = &"LeftIndexIntermediate"
bind/18/bone = -1
bind/18/pose = Transform3D(0.201341, -0.00585277, -0.979503, 0.976777, -0.0735914, 0.201221, -0.0732608, -0.997271, -0.00910016, -0.119932, -0.626448, 1.45676)
bind/19/name = &"LeftIndexProximal"
bind/19/bone = -1
bind/19/pose = Transform3D(0.200551, -0.0059237, -0.979665, 0.979291, 0.0294837, 0.200296, 0.0276977, -0.999547, 0.011714, -0.119241, -0.733403, 1.38452)
bind/20/name = &"LeftThumbDistal"
bind/20/bone = -1
bind/20/pose = Transform3D(0.432538, 0.90095, 0.034629, 0.335619, -0.196563, 0.92192, 0.837412, -0.387144, -0.387397, -1.54554, -0.00443591, -0.0184848)
bind/21/name = &"LeftThumbProximal"
bind/21/bone = -1
bind/21/pose = Transform3D(0.340223, 0.934987, -0.100232, 0.758539, -0.209775, 0.617923, 0.556724, -0.286262, -0.780594, -1.52258, -0.226906, 0.054087)
bind/22/name = &"LeftThumbMetacarpal"
bind/22/bone = -1
bind/22/pose = Transform3D(0.247154, 0.968556, 0.0285182, 0.566053, -0.168228, 0.807774, 0.787172, -0.183502, -0.589832, -1.51169, -0.134188, -0.246613)
bind/23/name = &"LeftHand"
bind/23/bone = -1
bind/23/pose = Transform3D(0.143235, 0.00145996, -0.989687, 0.988948, 0.0384562, 0.143185, 0.0382687, -0.999259, 0.00406444, -0.111548, -0.673059, 1.38277)
bind/24/name = &"LeftLowerArm"
bind/24/bone = -1
bind/24/pose = Transform3D(0.0180165, -0.983675, 0.17905, 0.99973, 0.0203439, 0.0111706, -0.0146308, 0.1788, 0.983776, 1.377, -0.410544, -0.223188)
bind/25/name = &"LeftUpperArm"
bind/25/bone = -1
bind/25/pose = Transform3D(-0.0345018, -0.179663, -0.983123, 0.999387, -0.0119211, -0.0328941, -0.00581004, -0.983656, 0.179965, 0.2432, -0.11209, 1.3861)
bind/26/name = &"LeftShoulder"
bind/26/bone = -1
bind/26/pose = Transform3D(0.117906, -0.0705007, 0.990518, 0.991045, -0.0546004, -0.121855, 0.0626731, 0.996015, 0.0634317, 0.0978715, 0.0387687, -1.40736)
bind/27/name = &"RightLittleDistal"
bind/27/bone = -1
bind/27/pose = Transform3D(-0.178284, 0.0238863, 0.983689, -0.819457, 0.549807, -0.16187, -0.544706, -0.834949, -0.0784483, -0.105778, -1.39487, 0.760003)
bind/28/name = &"RightLittleIntermediate"
bind/28/bone = -1
bind/28/pose = Transform3D(-0.187774, 0.0301699, 0.981748, -0.982146, 0.00577429, -0.188028, -0.0113417, -0.999527, 0.028547, -0.121819, -0.731287, 1.39663)
bind/29/name = &"RightLittleProximal"
bind/29/bone = -1
bind/29/pose = Transform3D(-0.215111, 0.0376807, 0.975862, -0.976586, -0.0058186, -0.215046, -0.00242497, -0.999273, 0.0380501, -0.152529, -0.681701, 1.40329)
bind/30/name = &"RightRingDistal"
bind/30/bone = -1
bind/30/pose = Transform3D(-0.0343361, 0.109777, 0.993363, -0.888661, 0.451423, -0.080604, -0.457276, -0.885531, 0.0820543, -0.144871, -1.32413, 0.893935)
bind/31/name = &"RightRingIntermediate"
bind/31/bone = -1
bind/31/pose = Transform3D(-0.0837014, 0.0792849, 0.993331, -0.991354, -0.107698, -0.0749388, 0.101038, -0.991017, 0.0876141, -0.140178, -0.586752, 1.47389)
bind/32/name = &"RightRingProximal"
bind/32/bone = -1
bind/32/pose = Transform3D(-0.0827923, 0.0729302, 0.993895, -0.996529, 0.00267124, -0.0832078, -0.00872324, -0.997333, 0.072456, -0.130533, -0.703142, 1.4008)
bind/33/name = &"RightMiddleDistal"
bind/33/bone = -1
bind/33/pose = Transform3D(0.0500907, 0.074478, 0.995963, -0.885664, 0.464222, 0.00982881, -0.461616, -0.882582, 0.0892157, -0.0609364, -1.34696, 0.882299)
bind/34/name = &"RightMiddleIntermediate"
bind/34/bone = -1
bind/34/pose = Transform3D(0.020057, 0.0546423, 0.998304, -0.99537, -0.0927797, 0.0250763, 0.0939926, -0.994186, 0.0525285, -0.0564909, -0.614225, 1.47415)
bind/35/name = &"RightMiddleProximal"
bind/35/bone = -1
bind/35/pose = Transform3D(0.0705385, 0.138792, 0.987805, -0.997439, 0.0215232, 0.0682021, -0.0117948, -0.990087, 0.139955, -0.137542, -0.732608, 1.38964)
bind/36/name = &"RightIndexDistal"
bind/36/bone = -1
bind/36/pose = Transform3D(0.280926, 0.149437, 0.948024, -0.895415, 0.396333, 0.202862, -0.345418, -0.905864, 0.245148, -0.0194627, -1.2516, 0.998956)
bind/37/name = &"RightIndexIntermediate"
bind/37/bone = -1
bind/37/pose = Transform3D(0.186747, 0.167038, 0.968103, -0.976777, -0.073789, 0.201152, 0.105036, -0.983185, 0.149379, -0.117259, -0.626254, 1.45706)
bind/38/name = &"RightIndexProximal"
bind/38/bone = -1
bind/38/pose = Transform3D(0.20154, 0.234986, 0.950875, -0.979291, 0.0292853, 0.200326, 0.0192271, -0.971557, 0.236022, -0.201424, -0.733205, 1.37508)
bind/39/name = &"RightThumbDistal"
bind/39/bone = -1
bind/39/pose = Transform3D(0.707481, -0.685271, 0.172841, -0.410367, -0.199034, 0.890617, -0.575913, -0.701024, -0.422026, 1.42496, -0.0507004, 0.596947)
bind/40/name = &"RightThumbProximal"
bind/40/bone = -1
bind/40/pose = Transform3D(0.538891, -0.735085, 0.411396, -0.758538, -0.210372, 0.617722, -0.367532, -0.644944, -0.670957, 1.36631, -0.226133, 0.674719)
bind/41/name = &"RightThumbMetacarpal"
bind/41/bone = -1
bind/41/pose = Transform3D(0.201112, -0.977501, -0.0636054, -0.566052, -0.169011, 0.807611, -0.800191, -0.126417, -0.587307, 1.49476, -0.133137, -0.334797)
bind/42/name = &"RightHand"
bind/42/bone = -1
bind/42/pose = Transform3D(0.148248, 0.242093, 0.958861, -0.988948, 0.0383192, 0.143225, -0.00206897, -0.969495, 0.245098, -0.228764, -0.672949, 1.36836)
bind/43/name = &"RightLowerArm"
bind/43/bone = -1
bind/43/pose = Transform3D(0.0137623, 0.907642, -0.41952, -0.99973, 0.0203219, 0.0111707, 0.0186644, 0.419254, 0.907677, -1.27735, -0.410598, -0.560652)
bind/44/name = &"RightUpperArm"
bind/44/bone = -1
bind/44/pose = Transform3D(-0.0347976, 0.435854, 0.899344, -0.999387, -0.0119147, -0.0328943, -0.00362173, -0.899938, 0.436002, -0.604571, -0.112184, 1.27079)
bind/45/name = &"RightShoulder"
bind/45/bone = -1
bind/45/pose = Transform3D(0.116415, 0.0936927, -0.988771, -0.991045, -0.0545858, -0.121856, -0.0653898, 0.994103, 0.0864992, -0.130632, 0.0386638, -1.40471)
bind/46/name = &"RightLipUpper"
bind/46/bone = -1
bind/46/pose = Transform3D(0.997822, 0.0590642, -0.0293619, -0.0524544, 0.980446, 0.189668, 0.0399904, -0.187715, 0.981409, -0.0748353, -1.54254, 0.206566)
bind/47/name = &"RightNostril"
bind/47/bone = -1
bind/47/pose = Transform3D(0.997822, 0.0590642, -0.0293619, -0.0524544, 0.980446, 0.189668, 0.0399904, -0.187715, 0.981409, -0.0734096, -1.57281, 0.216277)
bind/48/name = &"RightCheek"
bind/48/bone = -1
bind/48/pose = Transform3D(0.997822, 0.0590642, -0.0293619, -0.0524544, 0.980446, 0.189668, 0.0399904, -0.187715, 0.981409, -0.0385087, -1.576, 0.249977)
bind/49/name = &"RightEyelidLower"
bind/49/bone = -1
bind/49/pose = Transform3D(0.997822, 0.0590642, -0.029362, -0.0524544, 0.980446, 0.189668, 0.0399904, -0.187715, 0.981409, -0.0584474, -1.60897, 0.238623)
bind/50/name = &"RightEyelidUpper"
bind/50/bone = -1
bind/50/pose = Transform3D(0.997822, 0.0590642, -0.0293619, -0.0524544, 0.980446, 0.189668, 0.0399904, -0.187715, 0.981409, -0.0616373, -1.6445, 0.24135)
bind/51/name = &"RightIOuterBrow"
bind/51/bone = -1
bind/51/pose = Transform3D(0.997822, 0.0590642, -0.0293619, -0.0524544, 0.980446, 0.189668, 0.0399904, -0.187715, 0.981409, -0.0424327, -1.65602, 0.26293)
bind/52/name = &"RightInnerBrow"
bind/52/bone = -1
bind/52/pose = Transform3D(0.997822, 0.0590642, -0.0293619, -0.0524544, 0.980446, 0.189668, 0.0399904, -0.187715, 0.981409, -0.0846188, -1.66364, 0.230851)
bind/53/name = &"LeftIOuterBrow"
bind/53/bone = -1
bind/53/pose = Transform3D(0.997822, 0.0590642, -0.0293619, -0.0524544, 0.980446, 0.189668, 0.0399904, -0.187715, 0.981409, -0.152273, -1.65025, 0.258528)
bind/54/name = &"LeftInnerBrow"
bind/54/bone = -1
bind/54/pose = Transform3D(0.997822, 0.0590642, -0.0293619, -0.0524544, 0.980446, 0.189668, 0.0399904, -0.187715, 0.981409, -0.108692, -1.66237, 0.229886)
bind/55/name = &"LeftEyelidLower"
bind/55/bone = -1
bind/55/pose = Transform3D(0.997822, 0.0590642, -0.029362, -0.0524544, 0.980446, 0.189668, 0.0399904, -0.187715, 0.981409, -0.129531, -1.60523, 0.235777)
bind/56/name = &"LeftEyelidUpper"
bind/56/bone = -1
bind/56/pose = Transform3D(0.997822, 0.0590642, -0.0293619, -0.0524544, 0.980446, 0.189668, 0.0399904, -0.187715, 0.981409, -0.130304, -1.64089, 0.238599)
bind/57/name = &"LeftCheek"
bind/57/bone = -1
bind/57/pose = Transform3D(0.997822, 0.0590642, -0.0293619, -0.0524544, 0.980446, 0.189668, 0.0399904, -0.187715, 0.981409, -0.146756, -1.57031, 0.245635)
bind/58/name = &"LeftNostril"
bind/58/bone = -1
bind/58/pose = Transform3D(0.997822, 0.0590642, -0.0293619, -0.0524544, 0.980446, 0.189668, 0.0399904, -0.187715, 0.981409, -0.109132, -1.57093, 0.214849)
bind/59/name = &"LeftLipUpper"
bind/59/bone = -1
bind/59/pose = Transform3D(0.997822, 0.0590642, -0.0293619, -0.0524544, 0.980446, 0.189668, 0.0399904, -0.187715, 0.981409, -0.103774, -1.54101, 0.205404)
bind/60/name = &"LeftLipCorner"
bind/60/bone = -1
bind/60/pose = Transform3D(-0.997822, -0.0590642, 0.0293619, 0.0399904, -0.187715, 0.981409, -0.0524544, 0.980446, 0.189668, 0.12259, 0.222439, -1.53627)
bind/61/name = &"RightLipCorner"
bind/61/bone = -1
bind/61/pose = Transform3D(-0.997822, -0.0590642, 0.0293619, 0.0399904, -0.187715, 0.981409, -0.0524544, 0.980446, 0.189668, 0.0570497, 0.225068, -1.53971)
bind/62/name = &"RightLipLower"
bind/62/bone = -1
bind/62/pose = Transform3D(-0.997822, -0.0590642, 0.0293619, 0.0399904, -0.187715, 0.981409, -0.0524544, 0.980446, 0.189668, 0.0748233, 0.207545, -1.53679)
bind/63/name = &"JawEND"
bind/63/bone = -1
bind/63/pose = Transform3D(-0.997822, -0.0590642, 0.0293619, 0.0399904, -0.187715, 0.981409, -0.0524544, 0.980446, 0.189668, 0.0877769, 0.212176, -1.50799)
bind/64/name = &"LeftLipLower"
bind/64/bone = -1
bind/64/pose = Transform3D(-0.997822, -0.0590642, 0.0293619, 0.0399904, -0.187715, 0.981409, -0.0524544, 0.980446, 0.189668, 0.103263, 0.206404, -1.53529)
bind/65/name = &"TongueTip"
bind/65/bone = -1
bind/65/pose = Transform3D(-0.997822, -0.0590642, 0.0293619, 0.0399904, -0.187715, 0.981409, -0.0524544, 0.980446, 0.189668, 0.0902386, 0.249777, -1.52615)
bind/66/name = &"TongueBack"
bind/66/bone = -1
bind/66/pose = Transform3D(-0.997822, -0.0590642, 0.0293619, 0.0399904, -0.187715, 0.981409, -0.0524544, 0.980446, 0.189668, 0.0910916, 0.277556, -1.5212)
bind/67/name = &"Jaw"
bind/67/bone = -1
bind/67/pose = Transform3D(-0.997822, -0.0590642, 0.0293619, 0.0399904, -0.187715, 0.981409, -0.0524544, 0.980446, 0.189668, 0.0927387, 0.291757, -1.5417)
bind/68/name = &"RightEye"
bind/68/bone = -1
bind/68/pose = Transform3D(0.997822, 0.0590642, -0.0293619, 0.0399904, -0.187715, 0.981409, 0.0524544, -0.980446, -0.189668, -0.0748257, 0.261727, 1.62133)
bind/69/name = &"LeftEye"
bind/69/bone = -1
bind/69/pose = Transform3D(0.997822, 0.0590642, -0.0293619, 0.0399904, -0.187715, 0.981409, 0.0524544, -0.980446, -0.189668, -0.116433, 0.26006, 1.61915)
bind/70/name = &"Head"
bind/70/bone = -1
bind/70/pose = Transform3D(0.997822, 0.0590642, -0.0293619, -0.0524544, 0.980446, 0.189668, 0.0399904, -0.187715, 0.981409, -0.0923848, -1.52884, 0.299804)
bind/71/name = &"Neck"
bind/71/bone = -1
bind/71/pose = Transform3D(0.980108, 0.0210173, -0.197347, 3.1665e-08, 0.994376, 0.1059, 0.198463, -0.103794, 0.974596, -0.034177, -1.44421, 0.168782)
bind/72/name = &"Chest"
bind/72/bone = -1
bind/72/pose = Transform3D(0.911365, 0.0548388, -0.407927, -4.63333e-08, 0.991084, 0.133234, 0.411597, -0.121425, 0.90324, -0.0610684, -1.20961, 0.135219)
bind/73/name = &"Spine"
bind/73/bone = -1
bind/73/pose = Transform3D(0.911365, 0.0548388, -0.407927, -4.63333e-08, 0.991084, 0.133234, 0.411597, -0.121425, 0.90324, -0.0610684, -1.04561, 0.135219)
bind/74/name = &"Hips"
bind/74/bone = -1
bind/74/pose = Transform3D(0.907974, 0.0706034, -0.413034, 4.84288e-08, 0.985702, 0.168495, 0.419025, -0.152989, 0.894993, -0.0777563, -0.946053, 0.168488)
