[gd_resource type="Skin" format=3 uid="uid://ce52vl1l4i84o"]

[resource]
resource_name = "Skin"
bind_count = 28
bind/0/name = &"Hips"
bind/0/bone = -1
bind/0/pose = Transform3D(1, 0, 0, 0, 1, 0, 0, 0, 1, 0, -0.9216, 0)
bind/1/name = &"LeftUpperLeg"
bind/1/bone = -1
bind/1/pose = Transform3D(-0.987933, -0.15488, -8.76377e-09, 0.154745, -0.987072, 0.0417491, -0.00646611, 0.0412454, 0.999128, 0.229882, 0.837596, -0.0349995)
bind/2/name = &"LeftLowerLeg"
bind/2/bone = -1
bind/2/pose = Transform3D(0.994413, 0.105484, -0.00401177, 0.104825, -0.991252, -0.0801888, -0.0124353, 0.0793203, -0.996772, -0.208373, 0.435698, -0.016874)
bind/3/name = &"LeftFoot"
bind/3/bone = -1
bind/3/pose = Transform3D(-0.994413, -0.105484, 0.00401171, 0.0124354, -0.0793215, 0.996772, -0.104825, 0.991252, 0.0801894, 0.208373, 0.0168741, -0.080083)
bind/4/name = &"LeftToes"
bind/4/bone = -1
bind/4/pose = Transform3D(0.994413, 0.105484, -0.00401168, 0.0124354, -0.0793215, 0.996771, 0.104825, -0.991252, -0.0801902, -0.21544, -0.147745, -0.000580582)
bind/5/name = &"RightUpperLeg"
bind/5/bone = -1
bind/5/pose = Transform3D(-0.987933, 0.15488, 8.76377e-09, -0.154745, -0.987072, 0.0417491, 0.00646611, 0.0412454, 0.999128, -0.229882, 0.837596, -0.0349995)
bind/6/name = &"RightLowerLeg"
bind/6/bone = -1
bind/6/pose = Transform3D(0.994413, -0.105484, 0.00401177, -0.104825, -0.991252, -0.0801888, 0.0124353, 0.0793203, -0.996772, 0.208373, 0.435698, -0.016874)
bind/7/name = &"RightFoot"
bind/7/bone = -1
bind/7/pose = Transform3D(-0.994413, 0.105484, -0.00401171, -0.0124354, -0.0793215, 0.996772, 0.104825, 0.991252, 0.0801894, -0.208373, 0.0168741, -0.080083)
bind/8/name = &"RightToes"
bind/8/bone = -1
bind/8/pose = Transform3D(0.994413, -0.105484, 0.00401168, -0.0124354, -0.0793215, 0.996771, -0.104825, -0.991252, -0.0801902, 0.21544, -0.147745, -0.000580584)
bind/9/name = &"Spine"
bind/9/bone = -1
bind/9/pose = Transform3D(1, 0, 0, 0, 1, 6.12323e-17, 0, -6.12323e-17, 1, 0, -0.986112, 6.03819e-17)
bind/10/name = &"Chest"
bind/10/bone = -1
bind/10/pose = Transform3D(1, 0, 0, 0, 1, 6.12323e-17, 0, -6.12323e-17, 1, 0, -1.13316, 6.93861e-17)
bind/11/name = &"UpperChest"
bind/11/bone = -1
bind/11/pose = Transform3D(1, 8.9407e-08, 4.0441e-17, -8.9407e-08, 1, 4.59774e-17, -4.0441e-17, -4.59774e-17, 1, -5.96046e-08, -1.28021, 5.88608e-17)
bind/12/name = &"LeftShoulder"
bind/12/bone = -1
bind/12/pose = Transform3D(-2.00281e-17, -9.11173e-17, 1, 1, 1.06808e-07, 2.00281e-17, -1.06808e-07, 1, 9.11173e-17, 1.24624e-16, -0.0645121, -1.35355)
bind/13/name = &"LeftUpperArm"
bind/13/bone = -1
bind/13/pose = Transform3D(2.00011e-17, 8.92971e-17, -1, 0.999999, 1.06171e-07, 2.00011e-17, 1.06171e-07, -0.999999, -8.92971e-17, -1.24133e-16, -0.16319, 1.35356)
bind/14/name = &"LeftLowerArm"
bind/14/bone = -1
bind/14/pose = Transform3D(1.06171e-07, -1, -1.60071e-10, 1, 1.02911e-07, 2.23517e-08, -1.11759e-08, -1.60071e-10, 1, 1.34607, -0.414837, -2.79397e-09)
bind/15/name = &"LeftHand"
bind/15/bone = -1
bind/15/pose = Transform3D(-3.24249e-05, 0.000164725, -1, 0.988061, 0.154062, -6.4671e-06, 0.154062, -0.988061, -0.000167593, 0.00800936, -0.874554, 1.22788)
bind/16/name = &"LeftThumbMetacarpal"
bind/16/bone = -1
bind/16/pose = Transform3D(-0.154061, 0.988061, 0.000167698, 0.807258, 0.125771, 0.577696, 0.570778, 0.0891361, -0.816997, -1.21141, -0.791114, -0.485139)
bind/17/name = &"LeftMiddleProximal"
bind/17/bone = -1
bind/17/pose = Transform3D(0.0686711, 0.00979696, -0.997592, 0.951644, -0.300768, 0.0625544, -0.299431, -0.953647, -0.0299773, -0.0536801, -0.324925, 1.53059)
bind/18/name = &"LeftMiddleIntermediate"
bind/18/bone = -1
bind/18/pose = Transform3D(0.0686711, 0.00979697, -0.997591, 0.951644, -0.300768, 0.0625544, -0.29943, -0.953647, -0.0299773, -0.0536801, -0.42417, 1.53059)
bind/19/name = &"RightShoulder"
bind/19/bone = -1
bind/19/pose = Transform3D(-1.15903e-16, -2.4721e-17, -1, -1, -1.61413e-07, 1.15903e-16, -1.61413e-07, 1, -2.4721e-17, 2.59842e-17, -0.0645118, -1.35355)
bind/20/name = &"RightUpperArm"
bind/20/bone = -1
bind/20/pose = Transform3D(1.15875e-16, 2.65412e-17, 1, -0.999999, -1.6205e-07, 1.15875e-16, 1.6205e-07, -0.999999, 2.65412e-17, -1.70152e-17, -0.16319, 1.35356)
bind/21/name = &"RightLowerArm"
bind/21/bone = -1
bind/21/pose = Transform3D(-1.6205e-07, 1, 1.16415e-10, -1, -1.6531e-07, 2.23517e-08, 1.11759e-08, -1.60071e-10, 1, -1.34608, -0.414837, -2.79397e-09)
bind/22/name = &"RightHand"
bind/22/bone = -1
bind/22/pose = Transform3D(-9.9659e-05, 0.000399873, 1, -0.986633, 0.162958, -0.000163287, -0.162958, -0.986633, 0.000378415, -0.00881581, -0.885581, 1.21995)
bind/23/name = &"RightThumbMetacarpal"
bind/23/bone = -1
bind/23/pose = Transform3D(-0.162958, -0.986633, 0.000378162, -0.80613, 0.133366, 0.577568, -0.569898, 0.0938143, -0.817087, 1.20299, -0.800458, -0.49076)
bind/24/name = &"RightMiddleProximal"
bind/24/bone = -1
bind/24/pose = Transform3D(0.0686839, -0.00983723, 0.99759, -0.951644, -0.300767, 0.0625547, 0.299426, -0.953647, -0.0300194, 0.0537449, -0.324928, 1.53058)
bind/25/name = &"RightMiddleIntermediate"
bind/25/bone = -1
bind/25/pose = Transform3D(0.0686839, -0.00983724, 0.99759, -0.951644, -0.300766, 0.0625545, 0.299426, -0.953647, -0.0300194, 0.0537448, -0.424173, 1.53058)
bind/26/name = &"Neck"
bind/26/bone = -1
bind/26/pose = Transform3D(1, 0, 0, 0, 1, 6.12323e-17, 0, -6.12323e-17, 1, 0, -1.42726, 8.73945e-17)
bind/27/name = &"Head"
bind/27/bone = -1
bind/27/pose = Transform3D(1, 4.24264e-17, 4.24264e-17, -4.24264e-17, 1, 0, -4.24264e-17, 0, 1, -6.49401e-17, -1.53065, 0)
metadata/humanoid_rotation_delta = {
"Chest": Transform3D(1, 0, 0, 0, -2.22045e-16, 1, 0, -1, -2.22045e-16, 6.32574e-18, 0, 1.63257e-17),
"LeftFoot": Transform3D(-0.995286, -0.0890017, -0.0385214, -0.0736455, 0.435186, 0.897324, -0.0630993, 0.895931, -0.439689, 0, 0, 0),
"LeftHand": Transform3D(-0.0791781, -0.708861, -0.70089, 0.231871, -0.696909, 0.678641, -0.969519, -0.108783, 0.219544, 0, 0, 0),
"LeftLowerArm": Transform3D(-0.999974, -3.49246e-09, -0.0072267, -0.0072231, -0.0315467, 0.999476, -0.000227982, 0.999502, 0.0315459, 0, 0, 1.48559e-16),
"LeftLowerLeg": Transform3D(0.999922, -0.0125042, -1.06719e-09, 2.98041e-10, -3.64285e-08, 1, -0.0125042, -0.999922, -3.67003e-08, 0, 0, 0),
"LeftMiddleIntermediate": Transform3D(0.0686711, 0.00979697, -0.997591, 0.951644, -0.300768, 0.0625544, -0.29943, -0.953647, -0.0299773, 0, 0, 0),
"LeftMiddleProximal": Transform3D(0.0102726, -0.999947, -2.98023e-08, -2.38419e-07, -1.19209e-07, 1, -0.999947, -0.0102726, -2.5332e-07, 0, 0, 0),
"LeftShoulder": Transform3D(-3.02928e-16, 1, 9.1951e-17, -1.27256e-05, -9.19548e-17, 1, 1, 3.02927e-16, 1.27256e-05, 1.23651e-16, 0, 0),
"LeftThumbMetacarpal": Transform3D(0.604, 0.722993, -0.335358, -0.098998, 0.485844, 0.869121, 0.7913, -0.491749, 0.365025, 0, 0, 0),
"LeftToes": Transform3D(0.994413, 0.105484, -0.00401168, 0.0124354, -0.0793215, 0.996771, 0.104825, -0.991252, -0.0801902, 0, 0, 0),
"LeftUpperArm": Transform3D(3.00061e-16, -1, -1.00915e-16, 0.0297124, -9.19548e-17, 0.999558, -0.999558, -3.02927e-16, 0.0297124, -1.30095e-16, 0, 0),
"LeftUpperLeg": Transform3D(-0.999979, -0.00654497, -4.2608e-08, -4.21423e-08, -1.19209e-07, 1, -0.00654497, 0.999979, 1.19209e-07, 0, 0, 0),
"Neck": Transform3D(1, 6.44473e-32, 0, 0, -2.22045e-16, 1, 0, -1, -2.22045e-16, 0, 0, 8.97916e-17),
"RightFoot": Transform3D(-0.995286, 0.0890017, 0.0385214, 0.0736455, 0.435186, 0.897324, 0.0630993, 0.895931, -0.439689, 0, 0, 0),
"RightHand": Transform3D(0.0797445, -0.708814, 0.700874, 0.240584, 0.696013, 0.676524, -0.967347, 0.11467, 0.226033, 0, 0, 0),
"RightLowerArm": Transform3D(0.999974, 5.00586e-09, 0.00722696, -0.00722337, 0.0315467, 0.999476, -0.000227982, -0.999502, 0.0315459, 0, 0, 1.60011e-17),
"RightLowerLeg": Transform3D(0.999922, 0.0125042, 1.06719e-09, -2.98041e-10, -3.64285e-08, 1, 0.0125042, -0.999922, -3.67003e-08, 0, 0, 0),
"RightMiddleIntermediate": Transform3D(0.0686733, -0.00983724, 0.997591, -0.951645, -0.300766, 0.0625444, 0.299426, -0.953647, -0.0300162, 0, 0, 0),
"RightMiddleProximal": Transform3D(-0.0103149, -0.999947, -8.9407e-08, 1.44541e-06, -1.19209e-07, 1, -0.999947, 0.0103149, 1.43051e-06, 0, 0, 0),
"RightShoulder": Transform3D(1.41164e-16, 1, 3.05117e-17, -1.29938e-05, -3.05099e-17, 1, 1, -1.41164e-16, 1.29938e-05, -1.60807e-17, 0, 0),
"RightThumbMetacarpal": Transform3D(-0.938469, 0.0334151, 0.343743, 0.303241, -0.397889, 0.866571, 0.165728, 0.917487, 0.363274, 0, 0, 0),
"RightToes": Transform3D(0.994413, -0.105484, 0.0040117, -0.0124354, -0.0793215, 0.996771, -0.104825, -0.991252, -0.0801902, 0, 0, 0),
"RightUpperArm": Transform3D(-1.42008e-16, -1, -2.63021e-17, 0.0297122, -3.05099e-17, 0.999558, -0.999558, 1.41164e-16, 0.0297122, 1.79547e-17, 0, 0),
"RightUpperLeg": Transform3D(-0.999979, 0.00654497, 4.2608e-08, 4.21423e-08, -1.19209e-07, 1, 0.00654497, 0.999979, 1.19209e-07, 0, 0, 0),
"Spine": Transform3D(1, 0, 0, 0, 0, 1, 0, -1, 0, 0, 0, 0),
"UpperChest": Transform3D(0.750868, 3.28312e-32, 0.660452, -0.660452, -2.22045e-16, 0.750868, 1.4665e-16, -1, -1.66726e-16, 1.26515e-17, 0, 3.26515e-17)
}
